{
 "cells": [
  {
   "cell_type": "markdown",
   "metadata": {},
   "source": [
    "### <center>Python实验报告</center>\n",
    "### <center>姓名：龚欣     $~~~~~~~~~$     学号：201821511222  </center>\n",
    "### 实验题目：A=RQ(house)的算法实现\n",
    "\n",
    "### 实现算法：\n",
    "1.首先我们将输入的矩阵A的每一列向量对角线及对角线的元素，$x=A[i:,i]$ ，然后$\\bar{u}=x+\\operatorname{sign}\\left(x_{1}\\right)\\|x\\|_{2} e_{1}$,再对$\\bar{u}$进行单位化得$u$\n",
    "\n",
    "2.利$u$计算$Pi=I-2 u u^{T}$，则$P=P1 * P2*...*Pn$,我们要求的$Q$就是此$P$的前n列\n",
    "\n",
    "3.利用$A(\\mathrm{i} : \\mathrm{m}, \\mathrm{i} : \\mathrm{n})=\\mathrm{A}(\\mathrm{i} : \\mathrm{m}, \\mathrm{i} : \\mathrm{n})-2 \\mathrm{u}_{i}\\left(u_{i}^{T} A(i : m, i : n)\\right)$将A化为上三角，R就是A的前四行\n",
    "\n",
    "\n",
    "### 程序代码："
   ]
  },
  {
   "cell_type": "code",
   "execution_count": 3,
   "metadata": {},
   "outputs": [
    {
     "name": "stdout",
     "output_type": "stream",
     "text": [
      "[[-0.59962535 -0.59962535 -0.29981268 -0.37476584 -0.22485951]\n",
      " [-0.59962535  0.77522827 -0.11238587 -0.14048233 -0.0842894 ]\n",
      " [-0.29981268 -0.11238587  0.94380707 -0.07024117 -0.0421447 ]\n",
      " [-0.37476584 -0.14048233 -0.07024117  0.91219854 -0.05268087]\n",
      " [-0.22485951 -0.0842894  -0.0421447  -0.05268087  0.96839148]]\n",
      "[[ 1.          0.          0.          0.          0.        ]\n",
      " [ 0.         -0.80301309  0.17186328  0.44417703  0.35824539]\n",
      " [ 0.          0.17186328  0.98361799 -0.04233897 -0.03414796]\n",
      " [ 0.          0.44417703 -0.04233897  0.89057582 -0.0882547 ]\n",
      " [ 0.          0.35824539 -0.03414796 -0.0882547   0.92881929]]\n",
      "[[ 1.          0.          0.          0.          0.        ]\n",
      " [ 0.          1.          0.          0.          0.        ]\n",
      " [ 0.          0.         -0.71679674  0.60912718  0.33936192]\n",
      " [ 0.          0.          0.60912718  0.78387894 -0.12040713]\n",
      " [ 0.          0.          0.33936192 -0.12040713  0.93291779]]\n",
      "[[ 1.          0.          0.          0.          0.        ]\n",
      " [ 0.          1.          0.          0.          0.        ]\n",
      " [ 0.          0.          1.          0.          0.        ]\n",
      " [ 0.          0.          0.         -0.4368606  -0.89952922]\n",
      " [ 0.          0.          0.         -0.89952922  0.4368606 ]]\n"
     ]
    },
    {
     "data": {
      "text/plain": [
       "(array([[ 0.89432247,  0.        ,  0.        ,  0.        ],\n",
       "        [ 0.33524001, -0.94947698,  0.        ,  0.        ],\n",
       "        [ 0.16762001,  0.09050418,  0.92649791,  0.        ],\n",
       "        [ 0.20952501,  0.23390616, -0.32872561, -0.84760268],\n",
       "        [ 0.125715  ,  0.18865407, -0.1831423 , -0.53063141]]),\n",
       " array([[-0.59962535,  0.18296296, -0.20641784,  0.64599292],\n",
       "        [-0.59962535, -0.73442876,  0.19156763, -0.24183325],\n",
       "        [-0.29981268,  0.20615544, -0.78112074, -0.40415967],\n",
       "        [-0.37476584,  0.48704223,  0.4945118 ,  0.03644063],\n",
       "        [-0.22485951,  0.38396451,  0.25690853, -0.59961394]]),\n",
       " array([[ -1.33416641e+01,  -1.03435373e+01,  -7.49531689e+00,\n",
       "          -1.16177412e+01],\n",
       "        [  8.88178420e-16,   4.36018761e+00,   1.94301504e+00,\n",
       "           4.20041714e-01],\n",
       "        [  4.44089210e-16,  -3.33066907e-16,  -5.57179659e+00,\n",
       "           2.85272421e+00],\n",
       "        [  0.00000000e+00,  -6.66133815e-16,   4.44089210e-16,\n",
       "           8.44759968e-01]]))"
      ]
     },
     "execution_count": 3,
     "metadata": {},
     "output_type": "execute_result"
    }
   ],
   "source": [
    "import numpy as np\n",
    "\n",
    "A=np.random.randint(1,10,size=(5,4))\n",
    "A=np.array(A,dtype=np.float)\n",
    "C=np.copy(A)\n",
    "\n",
    "\n",
    "def QR_house(A):\n",
    "    m,n=A.shape\n",
    "    U=np.zeros((m,n))\n",
    "    I=np.identity(m)\n",
    "    Q=np.identity(m)\n",
    "    #判断我们给的矩阵是否是行大于等于列数\n",
    "    if m < n:\n",
    "        raise ValueError(\"m不能小于n\")\n",
    "        \n",
    "    r = np.linalg.matrix_rank(A)\n",
    "    #print(\"The rank of A is:\",r)\n",
    "    #判断矩阵是否列满秩\n",
    "    if r < n:\n",
    "        raise ValueError(\"A不是列满秩\")\n",
    "   \n",
    "    \n",
    "    a = min(m-1,n)\n",
    "    for i in range(a):\n",
    "        x=A[i:,i]          #x分别取每列的对角线及以下\n",
    "        nx = np.sqrt(np.sum(x**2))   #计算x的二范数\n",
    "        u=x.copy() #这样改变u，不改变x\n",
    "        u[0] += nx*np.sign(u[0])\n",
    "        u /= np.sqrt(np.sum(u**2))\n",
    "        U[i:,i]=u\n",
    "        \n",
    "        A[i:,i:] -= 2*u[:,np.newaxis]*np.dot(u,A[i:,i:])#u[:,np.newaxis]等价于u.reshape(-1,1)\n",
    "        \n",
    "    R = A[:n,:] #R取A的前n行\n",
    "    \n",
    "    #计算Q\n",
    "    for j in range(n):\n",
    "        Qj=I-2*np.dot(U[:,j].reshape(-1,1),U[:,j].reshape(1,-1))\n",
    "        print(Qj)\n",
    "        Q =np.dot(Q,Qj)\n",
    "        \n",
    "    Q=Q[:,:n]#Q取前n列\n",
    "    \n",
    "    return(U,Q,R)\n",
    "QR_house(A)"
   ]
  },
  {
   "cell_type": "code",
   "execution_count": 2,
   "metadata": {},
   "outputs": [
    {
     "data": {
      "text/plain": [
       "array([[ 2.,  7.,  7.,  6.],\n",
       "       [ 9.,  2.,  8.,  9.],\n",
       "       [ 6.,  8.,  3.,  7.],\n",
       "       [ 5.,  8.,  3.,  5.],\n",
       "       [ 3.,  6.,  6.,  1.]])"
      ]
     },
     "execution_count": 2,
     "metadata": {},
     "output_type": "execute_result"
    }
   ],
   "source": [
    "C"
   ]
  },
  {
   "cell_type": "code",
   "execution_count": 9,
   "metadata": {},
   "outputs": [
    {
     "data": {
      "text/plain": [
       "array([[ 5.,  5.,  1.,  2.],\n",
       "       [ 5.,  4.,  2.,  4.],\n",
       "       [ 1.,  1.,  1.,  3.],\n",
       "       [ 9.,  7.,  3.,  6.],\n",
       "       [ 8.,  7.,  1.,  1.]])"
      ]
     },
     "execution_count": 9,
     "metadata": {},
     "output_type": "execute_result"
    }
   ],
   "source": [
    "-np.dot(Q,R)"
   ]
  },
  {
   "cell_type": "code",
   "execution_count": 10,
   "metadata": {},
   "outputs": [
    {
     "data": {
      "text/plain": [
       "4.0275243467429286e-15"
      ]
     },
     "execution_count": 10,
     "metadata": {},
     "output_type": "execute_result"
    }
   ],
   "source": [
    "np.linalg.norm(-np.dot(Q,R)-C)#计算误差"
   ]
  },
  {
   "cell_type": "code",
   "execution_count": null,
   "metadata": {},
   "outputs": [],
   "source": []
  },
  {
   "cell_type": "code",
   "execution_count": null,
   "metadata": {},
   "outputs": [],
   "source": []
  }
 ],
 "metadata": {
  "kernelspec": {
   "display_name": "Python 3",
   "language": "python",
   "name": "python3"
  },
  "language_info": {
   "codemirror_mode": {
    "name": "ipython",
    "version": 3
   },
   "file_extension": ".py",
   "mimetype": "text/x-python",
   "name": "python",
   "nbconvert_exporter": "python",
   "pygments_lexer": "ipython3",
   "version": "3.6.7"
  }
 },
 "nbformat": 4,
 "nbformat_minor": 2
}
